1,2257,9406
1,2113,1374419
4,1444,1809673
1,1902,3019560
6,1513,17128
3,1325,578411
2,102,308330
1,51,743840
1,51,745591
3,1306,533260
3,56,918477
1,2136,223213
1,2203,420577
0,2,675069
1,2259,865839
1,1241,2526217
6,222,632057
2,1703,566117
1,2336,448118
3,1632,5734
3,230,2393624
1,2007,216329
3,1408,396699
1,1532,2080635
0,1556,13464
5,2134,302691
4,2306,540014
2,1852,1707807
0,2314,1335515
4,1915,2271255
0,6,2246050
0,6,2590525
0,6,8036262
4,49,2935872
4,1941,711746
0,1509,1886381
5,1735,539054
1,1309,974776
6,1315,650870
4,1413,308192
2,1656,1494305
1,2116,104609
0,1401,966905
3,1942,171834
2,1719,771396
1,1948,24334
4,1300,1113467
0,1551,543494
3,2114,381514
4,1900,13948
4,1522,144195
5,1937,173332
2,1534,1640711
0,1807,313045
5,2117,100308
5,2105,348223
5,2104,2746728
2,2344,104359
6,1631,8036
6,1538,38461
5,2216,65484
5,1825,37796
5,1612,25513
4,2102,12067
4,1908,15114
4,1722,146982
3,1822,16025
3,1513,21114
3,15,3524
2,2226,4916
2,2017,8054
2,1755,14977
2,1554,7633
1,2217,6816
1,2209,46943
1,2012,7210
1,1808,6867
1,1700,10963
1,1533,6786
0,2221,1242
5,1650,8199
5,1507,20462
4,2217,8617
4,2131,19306
4,2024,12440
4,1855,11181
4,1704,8051
4,1527,6928
3,1932,11305
3,1733,10326
3,1626,5325
3,1501,5973
2,1955,14102
2,1801,4938
2,1624,938
2,1525,6927
1,2132,10544
1,2011,7388
1,1852,4902
1,1706,3072
1,1521,16849
5,2047,5093
5,1640,17066
5,1455,10983
4,2042,6582
4,1847,9814
4,1752,3905
4,1729,1588
4,1654,3260
4,1535,5755
3,2010,5355
3,1807,7169
3,1556,1982
3,1509,12449
2,2000,8203
2,1825,4322
2,1710,12294
2,1545,5026
1,2214,8315
1,2107,5677
1,1846,6636
1,1632,1454
1,1533,828
1,1530,18103
5,2117,5882
5,1920,25037
5,1731,4216
5,1618,6423
4,2130,10759
4,2029,4123
4,1829,13985
4,1653,5296
4,1524,5232
3,2102,3358
3,2054,1084
3,1943,3389
3,1757,5417
3,1635,19860
3,1525,6036
2,2359,10925
2,2118,85766
2,2002,16418
2,1838,5036
2,1726,12022
2,1531,2755
5,2203,10329
5,2038,3677
5,1954,3780
5,1802,3815
5,1616,6106
5,1514,5714
5,1359,12334
4,1835,4155
4,1722,1442
4,1548,5104
3,2130,8211
3,2044,9713
3,1930,2879
3,1550,3951
2,2030,4065
2,1828,11141
2,1653,4909
2,1508,9752
1,1957,2696
1,1824,555253
1,1655,734
1,1530,2915
6,1606,960
6,1446,5342
5,2132,13084
5,2011,9412
5,1747,5370
5,1557,16248
4,2155,5769
4,1941,4190
4,1759,708
4,1633,8226
4,1512,582
3,1749,2299
3,1516,17296
2,2104,12354
2,1942,5542
2,1657,14132
2,1528,4449
1,2058,5488
1,1859,12075
1,1727,3860
1,1555,7322
5,2112,4032
5,2005,11162
5,1903,2658
5,1802,15640
5,1657,2528
5,1557,5553
4,2218,68903
4,2121,8119
4,1900,12950
4,1734,4012
4,1558,11229
3,1958,4273
3,1753,15734
3,1634,6844
3,1457,9149
2,1931,5429
2,1430,3627
1,1524,4267
5,2224,6913
5,2123,15158
5,1955,5070
5,1855,782
5,1724,5838
5,1554,5429
4,2124,24788
4,1851,6732
4,1639,11987
4,1515,2600
4,1425,2154
3,2045,7826
3,1905,1494
3,1750,7208
3,1640,2290
3,1524,9418
2,2114,3419
2,2009,20213
2,1911,7252
2,1615,2156
2,1500,17104
1,2024,13617
1,1855,8110
1,1736,12485
1,1509,6748
5,2105,17471
5,2015,1492
5,1916,3576
5,1747,6286
5,1508,6632
4,1939,5259
4,1835,700
4,1739,3082
3,2147,8099
3,2000,4706
3,1748,4357
3,1553,16364
2,2157,5244
2,2019,6224
2,1857,3638
2,1658,6653
2,1503,7273
1,1603,5601
6,1701,7045
6,1606,5744
5,2227,12993
5,1959,4302
5,1828,13831
5,1701,13486
5,1510,13596
4,2106,4851
4,1933,14475
4,1707,1958
4,1600,2240
3,1942,4427
3,1738,3845
3,1624,13874
2,2217,4207
2,2150,1834
2,2003,10596
2,1808,2625
2,1535,3838
1,2115,5900
1,1910,7638
1,1719,14929
5,2158,11553
5,2014,13603
5,1845,3868
5,1703,23436
5,1534,4237
4,2213,8299
4,2024,14239
4,1558,898
3,2135,5533
3,2032,18462
3,1844,1876
3,1630,13054
3,1517,9425
2,1943,2244
1,2212,7141
1,1931,24283
1,1745,4693
1,1607,3780
6,1708,8174
6,1604,5639
5,1916,5927
5,1714,4460
5,1517,12787
4,2159,12253
4,2057,21603
4,1657,2220
4,1550,2774
3,2118,6094
3,1946,4266
3,1706,12651
3,1539,24126
2,2002,974
2,1848,3521
2,1634,5841
2,1452,15516
1,2048,10118
1,1850,6720
1,1707,14604
1,1531,5263
6,1856,8252
6,1744,5433
5,2155,17588
5,2008,8182
5,1839,3932
5,1644,7413
5,1517,26056
4,2158,4626
4,2033,5226
4,1851,5950
4,1734,3529
4,1556,29490
3,2026,2974
3,1736,3655
3,1537,19426
2,2054,23421
2,1901,5601
2,1659,5986
2,1459,2314
1,2100,9483
1,1941,5815
1,1813,2831
1,1640,10817
1,1516,7625
6,1917,11800
5,2112,21699
5,1930,1400
5,1818,18272
5,1649,9217
5,1542,10274
5,1431,15835
4,2229,8316
4,2001,27811
4,1746,11479
4,1622,9245
4,1424,14496
3,2332,17220
3,2142,5495
3,2006,7263
3,1835,3464
3,1711,9596
3,1537,14289
2,2046,16543
2,1945,4094
2,1821,35969
2,1641,8389
2,1528,6316
1,2058,5152
1,1845,31600
1,1647,9400
1,1538,4451
6,1858,8479
6,1736,11107
6,1639,3151
5,2022,14480
5,1905,4458
5,1742,29512
5,1610,8933
4,2041,4941
4,1941,5534
4,1655,3459
4,1531,7666
3,1938,12515
3,1724,7189
3,1538,29138
2,2033,5380
2,1945,28248
2,1836,12643
2,1625,5912
2,1513,15720
1,2129,6253
1,2033,24189
1,1927,688
1,1802,4252
1,1702,19185
1,1555,17280
6,1754,9795
6,1608,4047
5,1641,5595
5,1523,16189
4,2050,3793
4,1913,14187
4,1755,24302
4,1559,25028
3,1934,7541
3,1733,2088
3,1538,5042
2,1610,28345
1,2043,5629
1,1845,6424
1,1642,4512
0,2103,4162
5,1858,4066
4,2128,4890
4,1833,3060
4,1627,3550
3,1617,8757
2,1847,5133
2,1659,4517
5,1453,4404
4,2217,2232
1,1601,35401
0,1919,33885
6,1505,4403
5,2154,7447
5,2054,3836
5,1917,8836
5,1912,8953
5,1718,3215
5,1555,5993
5,235,9098
5,5,6366
4,2154,8185
4,1929,14803
4,1749,3703
4,1534,21874
3,2230,4865
3,2117,8456
2,1836,4771
2,1736,28076
2,1635,3423
2,1535,16777
1,2104,8019
1,2038,590
1,1934,19924
1,1815,4752
1,1658,7789
1,1523,1788
1,33,4903
0,2325,12824
0,2213,6437
0,2107,5391
0,1941,7807
0,1749,113528
0,1400,3721
6,2120,28392
6,1914,3446
5,2315,6085
5,2112,4600
5,1957,6518
5,1835,9136
5,1652,3516
5,1533,27335
4,2222,6019
4,2102,24122
4,1839,3538
4,1734,1484
4,1553,2458
4,130,31401
3,2233,8270
3,1839,22146
3,1731,22118
3,1516,6206
2,2202,6377
2,2052,2787
2,1947,5789
2,1745,8538
2,1546,129466
1,1929,3605
1,1709,2947
1,1609,4226
0,1759,10815
0,1649,68659
6,2328,4863
6,1928,6088
6,1531,31631
5,2107,10652
5,1823,3466
5,141,2618
1,1652,33120
0,1836,17150
0,1717,4756
5,2056,73859
5,1953,24012
5,1747,7246
5,1625,3542
5,43,11574
3,2131,28302
2,2157,18781
2,2052,5056
2,1833,3575
2,1658,3667
2,1524,31460
1,2146,13847
1,1909,7879
1,1700,2677
1,1532,32112
6,1541,41430
5,2045,4156
5,1938,9492
5,1735,2692
5,1557,3020
4,2330,7223
4,2231,6876
4,2124,12588
4,2009,9145
4,1808,7025
4,1653,15190
4,1534,36114
3,2347,2217
3,2305,552
3,2204,12060
3,2108,2145
3,2020,2386
3,1953,13388
3,1931,2023
3,1833,1823
3,1637,3528
3,1519,3822
2,2223,4185
2,2012,3538
2,1651,19322
2,1521,2631
1,1821,34066
1,1436,7347
0,1647,662
5,2126,4951
5,1828,3292
5,1553,7953
4,2014,3800
4,1837,10821
4,1550,4475
3,2225,20453
3,1914,2862
3,1807,13251
3,1606,8431
2,2147,3375
2,2020,2030
2,1829,2619
2,1708,4399
2,1558,9300
1,2008,3585
1,1717,2823
1,1547,4361
0,2218,22783
6,2340,7766
6,1508,3487
5,2135,3409
5,2051,3767
5,1706,4367
5,1546,3012
4,2111,4589
4,1937,3501
4,1721,12229
4,1602,2656
3,2203,3728
3,2118,1944
3,2022,2729
3,1853,1461
3,1801,6476
3,1535,2591
3,35,1642
2,2158,4713
2,1904,3457
2,1715,2678
2,1511,14776
1,2148,7842
1,2053,2677
1,1858,2152
1,1738,764
1,1606,3493
5,2201,15028
5,2101,2426
5,1953,2451
5,1833,10678
5,1727,2439
5,1531,3454
4,2128,2526
4,1916,2468
4,1737,11487
4,1533,18023
3,2235,10804
3,1926,3026
3,1617,2757
2,2059,9570
2,2007,490
2,1855,3108
2,1616,15445
1,1939,4049
1,1724,6891
1,1513,2452
0,1726,10441
5,2105,4531
5,1848,1642
5,1645,14336
5,1616,2159
5,1339,8494
4,2112,7357
4,1913,3693
4,1712,2215
4,1613,4102
3,2212,4880
3,2011,2328
3,1800,15311
3,1551,2595
2,2033,2295
2,1744,11624
2,1640,4222
2,1400,11335
1,2131,4301
1,2008,7802
1,1846,2279
1,1559,4340
0,2226,14852
0,2015,4684
0,205,7878
6,2228,3545
6,2118,6092
6,1536,5083
5,2106,14228
5,1510,5800
4,2118,3692
4,2021,16010
4,1808,5452
4,1530,5740
3,2220,3054
3,2115,5607
3,2009,6338
3,1840,3953
3,1644,3651
2,2058,6980
2,2002,2842
2,1815,14382
2,1629,4053
1,2143,7809
1,1922,13075
1,1728,2393
1,1524,9994
6,1936,5673
6,1807,3175
6,1555,5758
5,2235,11652
5,2222,4726
5,2153,11887
5,2118,1824
5,1934,4109
5,1808,2496
5,1719,1580
5,1608,6002
5,1547,1152
4,2007,72693
4,1621,5951
3,2123,2078
3,1937,2774
3,1726,9650
3,1600,3153
2,2208,2674
2,1926,24995
2,1752,3071
2,1543,3277
1,2223,7292
1,2056,5204
1,1955,5025
1,1756,8872
1,1544,4485
5,2057,4612
5,1555,7654
4,2153,4738
4,1732,9526
4,1614,3457
3,2053,1568
3,1905,1911
3,1745,1640
3,1719,7477
3,1546,3621
2,2213,13118
2,2113,5729
2,1925,28724
2,1737,2930
2,1623,7448
2,1536,3152
2,1506,3245
2,1424,1938
1,2150,30049
1,2106,910
1,1929,13676
1,1711,2693
1,1534,14711
5,2123,4559
5,1852,9792
5,1704,5393
5,1545,12273
4,2206,5777
4,2033,924
4,1947,2679
4,1902,1572
4,1812,6541
4,1703,2743
4,1534,19643
3,2217,20433
3,2020,538
3,1827,5870
3,1657,680
3,1555,6709
2,2213,5279
2,2009,3766
2,1817,1818
2,1616,2071
2,1534,2122
1,2123,3961
1,1936,5900
1,1738,16798
1,1606,2343
5,1916,14153
5,1754,5726
5,1612,19899
5,1430,8428
4,2241,2505
4,2122,2809
4,2012,2010
4,1857,6479
4,1656,2165
4,1514,6391
3,2224,3212
3,2123,2111
3,1913,7341
3,1712,4044
3,1510,2460
2,2203,6196
2,2005,3123
2,1827,4861
2,1654,3367
2,1508,2556
1,2140,9354
1,1703,4120
1,1439,2638
1,1418,2434
0,1743,48593
5,2140,18890
5,2038,3937
5,1946,672
5,1846,6151
5,1659,18101
5,1516,6713
4,2151,8697
4,1958,3249
4,1821,9264
4,1633,3699
4,1544,2429
3,2242,34539
3,2154,9195
3,2048,7199
3,1942,312
3,1902,840
3,1747,25298
3,1619,6216
2,1450,10948
1,2137,2742
1,1748,16969
1,1401,6775
6,1945,17364
6,1713,5853
5,2105,4283
5,1940,2848
5,1703,90428
5,1552,4929
4,2205,13440
4,2124,2655
4,1919,21438
4,1724,11840
4,1633,2326
3,2058,13740
3,1504,3575
3,1341,3191
2,1955,4437
2,1831,3736
2,1642,4154
2,1530,3755
1,2154,16982
1,2023,5875
1,1652,19232
1,1537,3524
5,2159,9932
5,2103,2620
5,1809,7854
5,1603,3945
4,2306,5333
4,2129,1522
4,2004,4865
4,1846,1806
4,1631,3785
3,2135,4459
3,1949,2174
3,1813,7235
3,1642,2938
2,2301,7032
2,2150,5588
2,2020,1677
2,1823,28808
2,1635,3954
1,2309,31907
1,2049,11871
1,1847,3848
1,1624,6513
0,2116,4834
5,2315,5868
5,2205,3667
5,2050,14924
5,1902,4746
5,1718,6073
5,1540,10034
4,2245,7103
4,2049,2190
4,1953,1764
4,1818,4145
4,1720,1793
4,1619,4081
3,2238,5648
3,2107,13695
3,1849,4550
3,1632,26436
2,2325,1770
2,2222,5446
2,2050,10832
2,1837,3277
2,1702,4887
1,2305,17663
1,2053,5661
1,1905,3106
1,1617,2456
1,1559,16542
1,431,1604
5,2308,6715
5,2200,2990
5,2055,6206
5,1925,11083
5,1846,2016
5,1839,996
5,1756,1897
5,1647,4334
5,102,12550
4,2155,5777
4,1920,48254
4,1642,4719
3,2256,3924
3,1914,13905
3,1750,3469
3,1446,3282
2,2259,14594
2,1833,29707
2,1719,3288
2,1531,2143
1,2258,4223
1,1957,3830
1,1832,16312
1,1710,3255
0,1850,8542
0,34,1040
6,2038,3468
5,2001,2729
5,1713,5523
4,2017,9829
4,1830,6969
4,1713,998
3,2223,2544
3,2001,5906
3,1751,1618
2,229,28064
0,2159,6883
0,1949,21569
6,2127,7002
6,1532,31967
5,2256,5924
5,2102,5353
5,1920,11074
5,1717,4367
5,1535,2272
5,50,7328
4,2142,13561
4,2006,4283
4,1825,12819
4,1709,6120
3,2057,2266
3,1931,1760
3,1742,2264
2,2232,14754
2,2111,836
2,1913,4778
2,1638,3455
1,2200,1072
1,2012,2624
1,1830,7251
1,1631,2852
6,1704,5615
6,1604,2904
5,2249,3916
5,2127,3162
5,1917,1892
5,1732,1839
5,1635,7334
4,2327,2112
4,2305,1294
4,2135,2775
4,1859,6611
4,1703,2709
3,2139,4011
3,1938,8396
3,1804,2506
2,2252,16499
2,2058,906
2,1851,2587
2,1649,2362
0,2241,5932
0,1855,3776
0,1740,3310
0,1724,394
6,2307,2649
6,2300,898
6,1635,2968
6,1512,2453
5,2223,2451
5,2030,7051
5,1912,5324
5,1754,12237
5,1717,3065
5,1645,2380
5,1611,1899
5,7,3080
4,2200,1980
4,1917,1312
4,1822,1855
4,1653,9134
3,2246,6119
3,2053,2990
3,1810,3910
3,1556,5769
2,2327,2329
2,2154,6908
2,2006,7453
2,1839,2421
1,2300,4949
1,2052,2844
1,1846,3336
1,1620,4980
6,2054,4484
6,1915,3824
5,2156,4295
5,2022,11089
5,1833,18497
5,1716,17211
4,2203,1884
4,2104,9062
4,1901,3615
4,1757,4683
4,1625,3545
3,2313,4220
3,2050,2060
3,1926,1842
3,1903,1278
3,1745,1829
3,1604,1791
2,2019,1156
2,1835,3128
2,1558,4211
1,1638,21685
0,2206,47457
6,1657,6253
6,1540,3627
5,2337,4267
5,2109,1498
5,1919,1881
5,1850,1536
5,1822,9195
5,1730,1989
5,1611,1800
4,2236,1829
4,2037,4277
4,1731,5030
4,1613,1761
4,1526,1897
3,2231,2513
3,2020,1399
3,1928,2294
3,1835,11049
3,1732,2214
3,1615,2006
3,313,5525
3,312,26541
3,309,77617
3,306,10481
3,304,16034
3,303,9764
3,303,7737
3,302,5958
3,301,11095
3,300,20654
3,254,2284
3,250,310
3,247,6305
3,246,8320
3,245,3812
3,245,9058
3,244,3557
3,244,3140
3,243,3973
3,243,972
3,242,12530
3,241,8464
3,240,5186
3,239,5495
3,238,4589
3,237,3880
3,236,17740
3,235,2728
3,234,4771
3,234,3250
3,233,4997
3,231,4897
3,230,5323
3,230,9656
3,228,7972
3,228,4994
3,227,15804
3,226,6248
3,225,2707
3,224,2320
3,223,4971
3,223,2897
3,222,3237
3,221,6003
3,220,1340
3,219,2383
3,216,4535
3,215,9413
3,214,3922
3,213,3820
3,206,3240
3,104,4586
3,6,3298
2,2255,7892
2,2114,3879
2,1927,3848
2,1742,41102
2,1557,17906
1,2258,5300
1,2034,2868
1,1807,4585
1,1556,1470
1,40,5231
0,2238,3810
6,2234,4126
6,1915,3145
6,1802,2443
5,2313,4755
5,2229,3113
5,2123,2481
5,1929,5718
5,1911,3018
5,1850,426
5,1732,2793
5,1620,1762
5,1442,7280
5,410,1566
5,215,7505
5,208,4796
4,2352,4984
4,2119,358
4,2006,4655
4,1816,11761
4,1625,3460
3,2135,2718
3,2000,8455
3,1805,4306
3,1642,4965
2,2340,1966
2,2245,16797
2,2136,5292
2,2123,1902
2,2105,1362
2,2052,1694
2,2034,5166
2,2026,2360
2,1833,17316
2,1728,11301
2,1722,4342
2,1704,6020
2,1643,3440
2,1555,2970
2,42,4642
1,2206,14092
1,1902,1804
1,1726,2204
5,2337,14413
5,1809,22028
5,125,124279
5,24,5917
4,2325,6010
4,2225,2512
4,2025,5730
4,1924,1807
4,1815,2238
4,1654,5186
4,1557,3672
3,2208,3984
3,1956,9512
3,1822,2813
3,1640,3153
2,2143,10203
2,2031,4576
2,1829,2109
2,1649,2879
1,2226,26548
1,2007,4336
1,1759,416
1,1653,2276
6,2016,3093
6,1545,4944
5,1936,14968
5,1822,37322
4,1953,4226
4,354,2634
3,1946,1646
3,1847,2814
2,2118,2541
2,1829,3153
2,1621,3091
1,2139,4890
1,2035,1458
1,1919,7134
1,1804,1942
1,1709,3297
0,2024,4212
6,2335,2824
6,1854,3959
6,1643,2341
5,2249,3374
5,2105,1048
5,1907,1491
5,1800,1311
5,1755,5890
5,1651,4829
5,402,4606
4,2246,3298
4,2035,2224
4,1759,1750
4,1624,1723
4,245,2424
3,2223,2153
3,2007,4114
3,1857,3655
3,1652,1842
2,2317,1989
2,2217,3163
2,2025,4477
2,1829,3100
2,1656,1536
1,2100,6375
1,1747,1811
1,1656,1534
0,2202,4876
6,1941,2842
6,1829,44561
5,2218,2654
5,1952,1825
5,1824,1971
5,1611,2358
4,2255,2324
4,2109,2109
4,1918,3322
4,1848,9320
4,1616,2201
3,2301,1734
3,2135,4734
3,2019,3780
3,1855,3420
3,1703,1769
3,1606,1750
3,6,4886
2,2201,5807
2,2046,2973
2,1831,3885
2,1700,3345
1,2351,3315
1,1836,10232
1,1734,1852
1,102,4853
1,0,2513
6,2039,8526
6,1933,2917
5,2200,6149
5,2029,2878
5,1807,2836
5,1629,5428
4,1904,1584
3,1925,3640
3,1636,6639
2,2326,17806
2,2146,1280
2,1857,2872
2,1740,3327
1,2313,4237
1,2126,2969
1,2008,3481
1,1819,2018
1,1552,1290
1,100,2552
6,2217,2357
5,2026,4335
5,1826,6146
5,1622,3770
4,1749,16373
4,1648,13092
4,206,2252
3,1947,2409
3,1830,2020
3,241,1814
2,1917,1645
2,1631,1705
1,2325,1602
1,2117,6639
1,1904,3319
1,1741,1722
6,1851,2506
6,35,8034
5,2216,12871
5,2109,1766
5,1934,4093
5,1757,4121
5,1634,3682
4,2247,10910
4,2036,2926
4,1747,3453
4,1609,1970
4,225,710
3,2356,3200
3,2059,1412
3,2001,3193
3,1619,4213
2,2118,1000
2,1906,5959
2,1630,3092
1,2325,2216
1,2036,2571
1,1804,536
6,1726,44334
5,2116,2508
5,1914,9178
5,1732,3754
4,2245,2596
4,2046,1522
4,1849,2059
4,1638,1802
3,1826,12439
3,1640,3582
2,2331,3987
2,2207,1780
2,2016,1533
2,23,842
1,2209,3139
1,2208,2561
1,2207,5041
1,2206,4491
1,2205,1875
1,2204,1535
1,2203,1556
1,2202,2152
1,2201,1636
1,2200,1464
1,2159,1353
1,2157,2329
1,2156,1583
1,2154,1134
1,2151,921
1,2140,2090
1,1949,280
6,1829,5094
6,1658,1696
5,2220,3526
5,2047,13104
5,1753,4533
5,1712,7392
5,1709,2740
5,1708,4043
5,1707,2195
5,1705,2346
5,1704,3066
5,1702,3712
5,1659,10467
5,1658,1033
5,1552,4128
4,2216,1468
4,2053,1757
4,1936,1595
4,1704,752
4,1447,1881
3,2210,2481
3,1819,1916
3,1715,1608
2,2238,1912
2,2020,538
2,1656,2120
1,2317,5686
1,2116,1707
1,2030,1572
1,1842,1560
1,1648,2628
0,2156,1915
0,2104,1673
0,2004,2272
0,1844,1537
0,1719,2030
6,2301,15284
6,2156,2250
6,1827,3904
6,1645,1923
5,2242,1881
5,2123,4805
5,1940,1162
5,1737,4106
5,1626,4758
4,2145,3009
4,1949,1313
4,1731,3430
4,1536,6416
3,2240,620
3,2200,3610
3,1903,1757
3,1733,2733
3,1544,2507
3,35,3234
2,2330,3686
2,1916,1363
2,1806,1256
2,1604,14730
2,1527,1579
1,2045,644
1,1627,2593
6,1758,3991
5,1530,4931
4,1834,2134
4,1614,1758
3,1845,2085
3,1744,1570
2,2243,2486
2,2120,3646
2,1904,5166
2,1711,884
2,1458,1600
1,2132,2722
1,1917,1659
1,1737,1222
1,1636,1176
6,1801,8620
6,1720,2701
5,2122,18074
5,2003,1851
5,1802,3791
5,1535,4434
4,2228,2588
4,2046,1685
4,2010,1717
4,1909,1736
4,1724,2889
3,2241,8755
3,2017,1612
3,1823,5356
3,1659,2609
3,1519,946
2,2149,1430
2,2018,1818
2,1730,3125
2,1510,3215
6,1830,2541
6,1546,1920
5,1701,5498
4,2222,4965
4,1906,1956
4,1616,30923
4,1422,4995
3,2143,6217
3,2028,1818
3,1854,6055
3,1756,3028
3,1647,1270
3,1600,1069
2,2023,908
2,1842,1852
2,1725,2108
2,1547,2030
1,2141,9798
1,2019,1624
1,1743,1104
1,1554,2501
6,2001,229365
6,1829,4773
6,1659,2038
5,2014,2887
5,1726,6921
5,1558,34808
5,1337,8158
4,2204,1416
4,1740,3314
4,1524,3846
4,47,2610
3,2326,3082
3,2226,2645
3,2119,1625
3,1945,3410
3,1840,1876
3,1721,4170
3,1618,2333
3,1507,1530
2,2200,3733
2,1837,7859
2,1733,4020
2,1513,3967
1,2103,1533
1,1913,2059
1,1647,1957
1,1418,1152
0,1645,2922
6,1846,5069
6,1509,5156
5,2215,3192
5,2017,2252
5,1733,3741
5,1539,3842
4,2202,2906
4,2042,2745
4,1930,9026
4,1645,1869
4,1519,2085
3,2208,3004
3,1956,7673
3,1746,3292
3,1641,4440
3,1524,6202
3,1321,2412
2,2125,2820
2,2003,2208
2,1708,2878
2,1605,3384
1,2248,9921
1,2050,1377
1,1749,4980
1,1637,1624
6,1812,4841
6,1703,3533
5,2137,2118
5,2049,7413
5,1906,7091
5,1719,2574
5,1600,1979
4,2047,4618
4,1844,3453
4,1715,2456
4,1505,7453
3,2217,3482
3,2009,788518
3,1712,7172
3,1523,1369
2,2059,6866
2,1853,1286
2,1550,2991
1,2353,720
1,2106,1786
1,2011,1424
1,1921,4469
6,1811,5275
6,1653,2552
5,2012,1758
5,1626,23972
4,2209,4155
4,1930,12852
4,1712,14264
4,1559,3046
3,2106,5534
3,1950,1570
3,1849,1478
3,1834,2334
3,1729,3046
3,1609,1594
2,2117,2722
2,1915,2740
2,1737,1965
2,1630,4104
1,1750,7671
1,1622,4605
1,1521,1834
1,1448,1354
6,1658,3362
6,1543,2730
5,2103,27711
5,2003,2558
5,1800,1599
5,1700,2966
5,1551,1804
5,1424,5517
4,2141,2556
4,1946,5044
4,1742,2325
4,1536,1803
3,2113,2256
3,1857,5422
3,1736,3341
3,1542,4221
2,1952,5747
2,1632,5455
2,1518,2657
1,2121,11841
1,1937,2196
1,1801,1608
1,1627,1479
6,1634,9913
6,1512,2596
5,2055,1810
5,1859,1835
5,1646,4489
5,1536,1442
4,2102,2225
4,1958,1493
4,1811,4101
4,1707,1536
4,1610,1221
4,1452,2061
3,2213,11933
3,2035,10754
2,2223,4160
2,2111,1862
2,1907,6829
2,1727,1532
2,1526,1713
2,13,1859
1,2351,1426
1,2315,1426
1,2211,2777
1,2101,3451
1,1805,1471
1,1522,2529
6,1639,4555
6,1535,2666
5,2204,2590
5,2101,4344
5,1910,9566
5,1722,3644
5,1537,3768
4,2113,2731
4,1730,1729
4,1529,3339
3,2024,12370
3,1908,2852
3,1758,2250
3,1623,1911
3,1458,2792
2,2056,4474
2,1745,3784
2,1534,760
1,2131,2209
1,1904,4204
1,1641,2948
1,1504,2181
6,1442,3267
5,2141,3815
5,1751,3361
5,1643,4573
5,1526,6841
4,2141,2077
4,2029,14883
4,1902,2427
4,1647,5069
4,1515,2882
3,2119,3224
3,2011,15935
3,1845,1849
3,1738,1976
3,1625,3459
3,1507,2025
2,2225,3910
2,1948,1012
2,1754,1674
2,1619,4424
1,2115,1742
1,1924,2734
1,1551,5071
6,1710,6448
6,1544,2704
5,2053,2828
5,1826,4054
5,1620,2200
5,1343,5995
4,2124,19211
4,2007,370
4,1827,2314
4,1521,2466
3,2204,3050
3,2038,2042
3,1701,5162
3,1659,1852
3,1658,2150
3,1656,2440
3,1654,4178
3,1653,2671
3,1651,1779
3,1649,1679
3,1647,5287
3,1646,3472
3,1644,1860
3,1642,1570
3,1641,1886
3,1640,1531
3,1639,1301
3,1638,1553
3,1637,1632
3,1635,1731
3,1634,1499
3,1632,1595
3,1630,1198
3,1629,1079
3,1627,1142
3,1626,1423
3,1625,1363
3,1622,1329
3,1620,1348
3,1619,1171
3,1618,1392
3,1616,1766
3,1614,1753
3,1613,1525
3,1612,1837
3,1610,3205
3,1558,1211
3,1429,1657
2,2113,10842
2,1854,3764
2,1721,6775
2,1516,35068
1,2146,2838
1,1907,5344
1,1814,2717
1,1705,1762
1,1600,18011
0,1954,16332
0,1850,5157
6,2300,3710
6,1755,2248
6,1619,11610
5,1943,3159
5,1727,1548
5,1546,4163
4,2226,1160
4,2117,12132
4,1944,3030
4,1733,5516
4,1613,6412
3,1640,3846
2,2135,3685
2,1952,3518
2,1614,1518
1,2133,2175
1,1820,7724
1,1601,3745
6,2100,3762
6,2004,1929
5,2113,2600
5,1906,2557
5,1723,1868
4,2151,3741
4,1952,2712
4,1747,4812
4,1617,2746
3,2057,2513
3,1643,4062
2,1925,2762
2,1732,2818
2,1517,2262
1,2201,4841
1,2147,4797
1,2145,3024
1,2142,2784
1,2134,1918
1,2018,1678
1,1909,7610
1,1617,2540
6,1504,3941
6,1339,2286
5,2043,2599
5,1917,5043
5,1744,17685
5,1519,2052
4,1747,3662
3,2307,3091
3,2219,2146
3,2004,2765
3,1726,1870
3,1545,2822
2,2206,4579
2,2205,4539
2,2204,6576
2,2203,3895
2,2202,3600
2,2201,5865
2,2159,5901
2,2157,4842
2,2156,4457
2,2155,4044
2,2154,7525
2,2152,3320
2,2151,9899
2,2148,5268
2,2146,3526
2,2145,3917
2,2144,4505
2,2143,5241
2,2142,5779
2,2141,6210
2,2140,3729
2,2139,3617
2,2137,1559
2,2136,4423
2,2135,4861
2,2134,3768
2,2132,5192
2,2129,8166
2,2128,6257
2,2127,9247
2,2126,3211
2,2124,8667
2,2124,5482
2,2123,5445
2,2122,4642
2,2121,2865
2,2120,2924
2,2118,4380
2,2117,6488
2,2113,5774
2,2112,3608
2,2111,2620
2,2105,5149
2,2103,2105
2,2101,2098
2,2058,3080
2,2055,1618
2,1922,1428
2,1806,19154
2,1307,4152
1,2055,1865
1,1856,7148
1,1731,1522
1,1521,1529
1,1442,1758
6,2232,8181
6,1756,2090
5,2115,6943
5,1742,3318
5,1623,3390
5,1533,1798
4,2202,6434
4,1910,2289
4,1818,1912
4,1510,3775
3,1927,2845
3,1721,11329
3,1517,2450
2,2149,2538
2,1937,2533
2,1730,2510
2,1505,2680
1,2002,2306
1,1853,1901
1,1502,4802
0,2201,29874
6,1646,10435
6,1531,29132
4,2033,3302
4,1921,11514
4,1919,4833
4,1917,5894
4,1915,2346
4,1914,5415
4,1913,4412
4,1911,3684
4,1910,2221
4,1908,4267
4,1907,3436
4,1906,3646
4,1904,3204
4,1902,2941
4,1900,1731
4,1859,1823
4,1858,2203
4,1857,1508
4,1855,3478
4,1854,2069
4,1853,11476
4,1851,2471
4,1850,2367
4,1848,2334
4,1847,2006
4,1846,2021
4,1844,5725
4,1843,3523
4,1841,2993
4,1836,1084
4,1813,1228
4,1720,3538
4,1516,4407
3,2213,2804
3,1859,3438
3,1856,2420
3,1854,3350
3,1853,2730
3,1851,2350
3,1850,1883
3,1848,2197
3,1846,2320
3,1845,1905
3,1837,1359
3,1756,1269
3,1624,3462
2,2325,1895
2,2222,9826
2,2012,3655
2,1846,1864
2,1714,1793
2,1540,4936
2,1433,3286
1,2235,5270
1,2054,2910
1,2010,616
1,1832,2762
1,1634,1849
1,19,10920
1,8,9929
0,2204,1889
0,2023,6697
6,1819,3029
6,1655,6297
6,1650,5998
6,1645,5558
6,1639,3988
6,1504,4397
6,1402,3442
5,1849,6774
5,1716,145402
5,1654,82393
5,1544,533229
5,1539,96422
5,1531,83484
5,1529,30870
5,1528,32345
5,1526,88292
5,1524,55928
5,1522,45336
5,1521,182362
5,1520,40471
5,1518,212430
5,1517,45513
5,1515,147399
5,1514,13657
5,1417,823102
4,1649,10423
4,1600,6316
4,1559,3490
4,1557,2222
4,1556,2222
4,1555,2139
4,1554,1848
4,1551,2611
4,1550,2950
4,1549,2073
4,1548,2304
4,1547,1983
4,1544,3297
4,1542,4830
4,1540,2608
4,1538,7158
4,1535,1669
4,1521,1719
3,2216,1989
3,2008,4869
3,1827,2687
3,1650,1866
2,2311,2367
2,2007,2444
2,1800,3041
2,1622,1228
2,11,334
1,2300,21438
1,2041,3331
1,1852,3248
1,1657,3305
1,1510,2910
6,2103,2751
6,1923,5403
6,1506,2200
6,158,59918
5,2012,2493
5,1830,4012
5,1624,2470
5,1435,2040
4,1808,11984
4,1621,3364
4,245,39200
3,2214,1868
3,1927,2088
3,1732,3442
3,1532,2638
2,2036,3997
2,1657,2163
2,1509,1896
1,2248,17257
1,2004,2058
1,1839,2739
0,2121,8290
6,2133,2809
6,2020,2153
5,2019,3222
5,1622,2324
5,1540,1743
5,1354,1903
5,1149,1867
4,2105,2868
4,1908,2561
4,1521,6007
3,2140,6830
3,1950,2347
3,1548,3495
2,2220,3588
2,1905,2537
2,1559,1594
2,1452,1981
1,2252,53594
1,1911,1474
1,1740,1536
1,1449,3174
6,2047,5534
6,1941,2389
6,1638,6921
6,1446,4208
5,1941,4881
5,1814,3061
5,1715,3841
5,1345,4641
4,1908,5169
4,1650,1926
4,1517,6579
3,1955,26639
3,1726,4043
3,1520,3212
2,2114,9817
2,1850,10558
2,1635,9671
2,1455,2452
1,2136,12114
1,2133,142172
1,1837,7785
1,1632,33792
0,1701,9165
6,1354,2671
5,2122,5045
5,1946,13467
5,1716,4459
5,1432,2467
4,2214,2464
4,2113,1839
4,1921,1854
4,1647,1611
4,1516,4203
3,2214,2906
3,2047,10402
3,1707,1516
3,1509,3968
2,2213,5020
2,2103,2120
2,1721,2291
2,1530,2321
1,1514,1988
6,1842,5574
6,1709,2092
6,1547,2774
5,2057,2581
5,1819,4714
5,1622,1569
5,1459,1685
4,2236,12321
4,2048,3201
4,1846,1974
4,1703,1932
4,1506,2161
3,2201,20921
3,1955,1992
3,1844,4508
3,1618,2850
3,1614,3265
3,1612,4011
3,1610,2855
3,1608,2891
3,1605,1684
3,1602,4367
3,1557,3807
3,1543,1590
3,1435,1640
2,2003,6704
2,1753,982
2,1621,5516
2,1505,2476
1,2040,5319
1,1848,2711
1,1757,12730
1,1447,5668
6,1958,5763
6,1508,2607
5,2208,2123
5,1938,1112
5,1758,1882
5,1533,27313
4,2214,16912
4,2044,2382
4,1842,2139
4,1720,4527
4,1503,2539
3,2156,2314
3,2043,2373
3,1652,4161
2,2133,3003
2,1934,3744
2,1817,5798
2,1520,3075
1,2305,3692
1,1929,1420
1,1759,2971
1,1518,5628
6,1552,3347
6,1450,2151
5,2026,2495
5,1849,2665
5,1720,2954
5,1716,2459
5,1712,2106
5,1700,2114
5,1659,3182
5,1656,1736
5,1644,1401
5,1545,1380
5,1306,5220
4,2206,4121
4,1950,4889
4,1649,6505
3,2011,4066
3,1740,3322
2,2001,3451
2,1748,2843
2,1611,1467
1,2157,5362
1,1857,1920
1,1708,1715
1,1551,7186
6,1740,5510
6,1630,2124
5,2027,8221
5,1634,12984
5,1506,1977
4,2149,1756
4,1913,4596
4,1659,1714
4,1513,2002
3,2158,2543
3,2039,4261
3,1931,1301
3,1745,1050
3,1639,1363
3,1533,1993
2,1827,7940
1,2012,2878
1,1823,2742
1,1630,18271
1,1507,1493
0,220,3248
6,2257,2945
6,1815,4275
6,1517,2255
5,2043,2254
5,1819,2357
5,1554,2702
4,2148,2679
4,2144,1868
4,2143,2055
4,2141,1638
4,2139,6166
4,2137,3756
4,2135,1781
4,2133,1472
4,2132,1340
4,2131,2408
4,2128,1902
4,2125,1219
4,2122,2527
4,2120,1871
4,2117,1275
4,2113,1205
4,2012,2280
4,1816,1165
4,1649,1359
4,1401,650
3,2224,181595
3,2040,3614
3,1938,6143
3,1935,6456
3,1932,3144
3,1930,3096
3,1928,5620
3,1927,2250
3,1925,2457
3,1923,2720
3,1919,1830
3,1855,1411
3,1700,3180
3,1517,7344
2,2130,2715
2,1732,1802
2,1444,2035
1,2131,1779
1,1921,1828
1,1657,3332
1,1551,6748
6,1914,6669
6,1611,2267
5,1904,1890
5,1719,2688
5,1555,1288
4,1837,7631
4,1832,5136
4,1829,11078
4,1826,5671
4,1824,3073
4,1822,2536
4,1817,3836
4,1814,1339
4,1756,1330
4,1638,10106
4,1533,1635
3,2153,1250
3,1852,1917
3,1754,4286
3,1708,4980
3,1553,1751
2,1849,4602
2,1738,19625
2,1503,20317
1,2244,5824
1,2114,1918
1,1922,2505
6,1922,9040
6,1658,3454
5,2107,4051
5,1745,3298
5,1555,15894
5,1442,724
4,2050,1748
4,1711,4378
4,1457,4799
3,2227,1232
3,2122,5048
3,1719,2664
3,1459,2831
2,2130,2840
2,1953,5475
2,1655,2394
2,1528,2272
1,2143,14259
1,1959,13042
1,1848,1951
1,1455,2489
6,1520,3081
5,2221,11706
5,2205,2210
5,1858,4183
5,1716,4816
5,1711,2751
5,1710,3482
5,1702,1852
5,1637,1680
5,1346,5216
4,2243,1220
4,2215,1950
4,2118,1669
4,2014,6554
4,1830,3013
4,1514,4625
3,2157,2989
3,1922,2730
3,1738,2987
3,1543,3031
2,2256,3631
2,2006,8392
2,1847,1410
2,1755,2834
2,1551,2022
1,2153,2842
1,2037,2767
1,1909,3197
1,1616,2008
6,1936,3388
6,1813,2018
6,1644,3575
5,1915,5818
5,1746,2510
5,1507,2607
4,2326,1597
4,2100,3560
4,2057,3803
4,2055,1848
4,2053,2665
4,2051,3709
4,2050,3694
4,2042,2102
4,2041,7706
4,2038,2993
4,2036,2397
4,2032,5307
4,2027,1363
4,1939,1344
4,1847,2809
4,1512,4390
3,2309,2009
3,2110,2084
3,1802,3666
3,1627,3358
3,1442,1785
2,2239,3068
2,1818,2049
2,1640,4138
1,2032,3156
1,1800,3234
1,1707,4280
1,1543,3443
6,1553,3755
5,1839,2958
5,1648,774
4,2011,2362
4,1900,4016
4,1442,7210
3,2135,3812
3,1927,3334
3,1925,2909
3,1924,7686
3,1923,6906
3,1918,2510
3,1917,2267
3,1913,3064
3,1908,4106
3,1907,1789
3,1902,2413
3,1900,2256
3,1859,2120
3,1857,4470
3,1857,3031
3,1856,2014
3,1855,2372
3,1854,1721
3,1847,1365
3,1751,1536
3,1623,2258
2,1827,14518
2,1637,2336
1,2100,2378
1,1710,4864
6,1347,4400
5,2151,4659
5,1709,1944
5,1531,5437
4,2242,1802
4,2133,3635
4,1937,2709
3,2103,1844
3,46,3169
2,2232,5789
2,2054,4086
2,1821,11601
2,1821,3167
2,1818,7788
2,1814,3468
2,1813,3732
2,1810,4205
2,1808,4501
2,1807,5252
2,1805,2990
2,1804,4928
2,1802,3085
2,1801,2801
2,1800,4985
2,1753,1647
2,1636,8007
1,2224,3504
1,1543,2346
0,2307,27774
0,1935,1056
6,2058,18684
6,2056,6335
6,2054,7467
6,2052,4658
6,2050,5439
6,2049,3496
6,2047,4925
6,2045,4372
6,2043,7963
6,2041,6025
6,2039,2945
6,2037,6252
6,2035,2974
6,2033,6342
6,2031,3610
6,2030,2902
6,2027,3992
6,2018,3057
6,1856,6042
6,1523,4167
5,2257,4403
5,2136,1214
5,1911,1610
5,1707,4020
4,2256,966
4,1853,3041
4,1619,7822
3,2114,2451
3,1628,4522
2,2324,1168
2,2227,19830
2,2002,2446
1,2312,7343
1,1636,6527
6,2133,3739
5,2241,6593
5,2139,52681
5,2054,2797
5,1856,2155
5,1741,3892
4,2217,9787
4,1931,2838
4,1624,8669
4,45,1770
4,27,1436
3,2231,4155
3,1837,2926
3,1606,3502
2,2105,6225
2,1903,4207
2,1717,4814
1,2325,4144
1,2129,4257
1,1936,2564
1,1906,2914
1,1807,9698
0,118,3911
5,2055,44504
5,1829,3456
4,2305,4072
4,2000,2217
4,1642,2750
3,2339,9328
3,1543,4478
3,27,3466
2,1930,1044
1,107,3195
0,1752,2658
6,2332,9303
6,1907,3176
6,1649,2799
6,19,2426
5,2153,2333
5,1934,1922
5,1701,2587
4,2327,5802
4,2308,9859
4,1833,5471
4,1718,2247
3,2038,2672
3,1833,2361
3,1714,1987
2,2113,2402
2,1939,1562
1,2301,2833
1,2046,2837
1,1906,1958
1,254,20855
6,1900,2404
5,2225,2320
5,2001,6410
5,1956,3915
5,1953,2810
5,1952,4415
5,1952,2539
5,1947,2188
5,1946,2160
5,1944,2459
5,1943,3453
5,1931,1556
5,1836,1649
5,1556,4689
4,2224,5737
4,2031,1635
4,1706,2529
3,2301,2843
3,1954,2967
3,1838,1777
2,2226,722
1,2005,2609
1,1648,5594
1,1640,2159
1,1425,674
6,2116,6174
6,1554,2916
5,2258,2166
5,1953,5611
5,1619,2960
5,12,7134
4,2258,2968
4,1711,1984
3,2049,3009
2,2248,3893
1,2230,3076
1,1803,2759
1,1644,3069
0,2105,3096
6,1852,3579
6,1652,10889
5,2154,2321
5,2041,18133
5,1557,1880
4,2328,6140
4,2209,3965
4,2100,1477
4,1941,4902
4,1734,2018
4,1706,2093
3,2326,548
3,2204,1960
3,1939,2890
3,1741,2278
3,343,27159
3,320,800
3,316,9464
3,315,8162
3,312,18323
3,310,6437
3,310,4906
3,308,5486
3,308,64614
3,307,14494
3,304,4178
3,304,11084
3,302,4481
3,301,4912
3,257,6629
3,256,7077
3,255,9283
3,253,14250
3,250,15173
3,247,826
3,246,2632
3,245,4423
3,245,2363
3,243,3436
3,243,3891
3,240,8035
3,239,7124
3,238,14163
3,236,520
3,236,10796
3,235,4976
3,234,29099
3,233,13890
3,232,5811
3,231,13207
3,230,6817
3,229,4344
3,229,4089
3,228,6325
3,227,2274
3,227,918
3,227,3643
3,225,19202
3,224,3752
3,224,4239
3,222,3917
3,221,3284
3,220,624
3,220,3781
3,218,4691
3,216,5762
3,214,5526
3,213,6266
3,206,3452
3,113,4942
3,2,2048
2,2208,2220
2,2111,458
2,2017,2100
2,1901,1646
2,1724,2899
2,1553,3791
2,1413,5882
1,2012,1268
1,1626,10654
0,1857,3563
0,0,4639
6,1746,2380
6,1544,29188
5,2319,3528
5,1952,5330
5,1657,3033
5,1501,18891
4,2301,1909
4,2155,1533
4,2031,2354
4,1828,1959
4,1726,2537
4,1552,1972
3,2220,2413
3,2038,1750
3,1852,1445
3,1713,5825
3,1647,2096
3,19,1774
2,2059,1640
2,1753,2058
1,2223,4731
1,2017,3033
1,1746,3421
1,1743,2461
1,1740,3503
1,1737,2622
1,1731,2824
1,1727,3239
1,1724,2185
1,1714,1309
1,1629,1836
6,2318,5811
6,1533,2703
5,1905,3893
5,1652,5847
5,1550,10840
5,118,11912
4,1807,2390
4,1636,2138
4,1520,2358
3,2315,4194
3,2153,4424
3,2150,11500
3,2147,2583
3,2144,3579
3,2140,3084
3,2138,2418
3,2135,2455
3,2132,3288
3,2131,23691
3,2121,1667
3,2025,736
3,2000,1361
3,1857,1625
2,2123,2571
2,1952,6964
2,1712,2303
1,2241,6984
1,2001,2381
1,1535,2514
0,1955,21881
6,2258,2391
5,2041,2665
5,1710,2606
4,1621,24762
4,205,2359
4,119,1978
4,1,1698
3,2313,2205
3,2210,2498
3,2106,4352
3,1951,2252
3,1844,2074
3,1717,2069
3,1605,1846
3,1425,1781
3,122,4106
2,2347,4618
2,2148,2218
2,2025,2549
2,1917,1964
2,1745,2900
2,1600,1896
2,1428,1532
2,23,2371
1,2147,4024
1,2043,1732
1,1937,1960
1,1828,1538
1,1717,5577
1,1556,1508
1,1427,2329
0,1554,2444
6,1638,2451
5,1955,6248
5,1831,4121
4,1807,5213
4,1633,19098
3,1557,17432
2,2057,1991
2,1958,1508
2,1852,2430
2,1738,2628
2,1724,3605
2,1605,1510
1,2049,2056
1,1835,2171
1,1612,1908
6,1905,2691
6,1702,2545
6,1557,2010
5,2149,2255
5,1854,1732
5,1745,1395
5,1550,1711
4,2314,13711
4,2149,3308
4,1953,1805
4,1832,1738
4,1657,2235
3,2338,2015
3,2109,2168
3,1914,1021
3,1702,6083
3,1624,2079
3,9,7609
2,2258,1140
2,1906,2221
2,100,1782
1,2259,1624
1,2135,1341
1,2019,2413
1,2008,2137
1,2002,1913
1,2000,1732
1,1949,1279
1,1848,1417
1,1709,2013
1,1552,1416
0,2235,2693
0,1836,1769
0,1620,2245
0,1511,4240
6,2020,2235
6,1912,3266
6,1716,1838
6,1516,1726
5,2246,2086
5,1843,456
5,1823,1769
5,1657,1975
5,1556,1517
4,2104,622
4,2028,594
4,1946,2624
4,1733,1406
4,1600,1290
3,1859,1746
3,1712,3012
3,1707,6373
3,1659,1343
3,1559,1338
2,2349,1531
2,2156,3432
2,2049,4810
2,2045,3874
2,2042,2581
2,2040,2356
2,2037,2509
2,2035,1864
2,2026,1184
2,2009,1335
2,1525,2501
1,2240,2050
1,2041,1084
1,1919,1804
1,1722,1547
1,1602,1297
0,59,3067
6,2246,3961
6,2119,2876
6,1700,1711
5,2346,3032
5,2217,1862
5,2048,1689
5,1914,6284
5,1749,1302
5,1608,3241
5,53,8020
4,2334,2891
4,2235,1919
4,2157,4274
4,1736,1607
4,1600,1148
3,2257,8077
3,2139,1301
3,2026,1396
3,1920,3198
3,1813,1118
3,1634,1319
2,2156,1605
2,2121,1278
2,1957,984
2,1825,12276
2,1634,1391
2,45,3969
1,2153,1348
1,2058,2728
1,1928,782
1,1808,1565
1,1630,1495
6,1806,2212
6,1651,2591
6,1536,2582
5,1848,1744
5,1722,1527
5,1547,2935
4,2122,4024
4,1701,26903
4,1517,8343
3,2015,450
3,1932,1851
3,1816,1811
3,1745,572
3,1712,1350
3,1557,1305
2,2347,3168
2,2342,3428
2,2339,4950
2,2336,2004
2,2331,2797
2,2327,2832
2,2323,2030
2,2311,2548
2,2305,1430
2,2136,1399
2,309,5401
1,2036,2743
1,1854,3789
1,1730,2445
6,2230,7748
6,2035,1890
6,1900,4457
6,1518,2354
5,2135,9651
5,2132,8590
5,2129,5066
5,2126,3603
5,2124,2974
5,2122,6483
5,2119,2796
5,2116,4945
5,2114,2391
5,2111,2793
5,2109,3136
5,2106,2716
5,2058,3180
5,2051,5192
5,2013,1794
5,1909,3824
5,1810,1726
5,1750,27493
5,1626,3421
5,300,6944
5,208,11250
5,128,26834
5,124,36400
5,119,11992
5,117,12566
5,115,8042
5,113,9174
5,110,19816
5,104,7207
5,102,2980
5,16,10898
4,2257,5959
4,2157,5959
4,2106,3154
4,1934,4280
4,1810,7984
4,1708,4556
4,1600,1539
4,35,4409
3,2143,2392
3,2026,1671
3,1908,3954
3,1643,6018
3,1635,13931
3,1632,3527
3,1624,1462
2,2200,1834
2,2035,1243
2,1911,2206
2,1739,1388
2,1559,1640
1,2302,2034
1,2222,752
1,2123,2049
1,1948,1952
1,1807,1858
1,1652,970
1,1554,1796
6,2251,9222
6,2114,1160
6,1929,2476
6,1756,1472
6,1640,1787
6,1409,2963
6,340,1372
6,204,1203
6,45,1040
5,2310,1081
5,2104,5760
5,1955,1468
5,1930,850
5,1856,1054
5,1803,1064
5,1747,1088
5,1715,813
5,1620,1173
5,1529,1392
5,1338,1925
5,51,1266
4,2340,2241
4,2248,1100
4,2140,2005
4,2049,1136
4,1943,992
4,1844,1692
4,1741,1129
4,1645,1993
4,1548,1787
4,1453,1404
4,1402,2448
4,59,4284
3,2326,7449
3,2222,1635
3,2131,1854
3,2029,1779
3,1937,1348
3,1807,2262
3,1402,6684
2,2311,1242
2,2207,883
2,2106,3327
2,2006,1709
2,1910,5640
2,1810,1752
2,1659,3730
2,1548,8530
2,1404,1804
1,2320,4786
1,2214,1488
1,2111,4413
1,1942,2390
1,1837,2175
1,1722,5532
1,1533,1529
1,1402,1156
6,1946,1854
6,1751,6369
6,1612,1826
5,2058,2299
5,1928,4172
5,1717,6407
4,2319,7828
4,1814,3522
3,2133,16606
3,1958,1829
6,1507,3613
5,2137,2962
5,2016,9450
5,1902,2577
5,1602,2676
5,1558,4073
5,1556,6513
5,1553,2815
5,1551,4786
5,1547,3505
5,1544,8613
5,1541,3788
5,1538,1344
5,1535,2463
5,1534,3889
5,1531,6681
5,1524,1314
4,2103,4860
4,1852,1287
4,1746,3282
4,1607,1814
4,1409,2060
3,2340,4459
3,1942,1825
3,1750,3220
3,1620,1150
3,1503,7462
2,1903,1387
2,1753,1304
2,1521,1261
1,2200,1914
1,1905,1094
1,1725,1755
1,1621,1575
1,1446,1285
6,2128,2942
6,1937,2369
6,1527,2030
4,2118,1764
4,1957,1837
4,1832,1908
4,1649,1564
4,1455,1248
3,1514,1918
2,2256,8694
2,2045,2672
2,1729,1435
2,1526,1470
1,2108,1470
1,1912,1626
1,1809,1844
1,1627,6617
1,1457,1448
6,1841,1952
6,1701,2232
6,1536,3036
5,2051,1410
5,1942,2965
5,1722,2995
5,1601,1160
4,2000,1622
4,1814,1403
4,1703,8162
4,1527,1516
3,2241,1989
3,2140,2050
3,2027,1325
3,1753,1291
3,1606,1948
3,1447,9337
3,8,1931
2,2104,1497
2,1919,2089
2,1753,1460
2,1625,1333
2,1518,1573
1,1844,1807
1,1729,1729
1,1559,1718
6,1750,4783
6,1614,2748
6,1447,1878
5,2211,6479
5,2102,1390
5,1933,1710
5,1905,1620
5,1836,1308
5,1628,2300
5,1553,284
5,1442,2455
5,1318,2716
5,1200,1403
4,2202,1254
4,2138,2213
4,1913,1628
4,1739,1176
4,1618,1121
4,1514,2019
3,2257,2308
3,2112,1781
3,1944,1675
3,1830,2821
3,1658,1374
3,1528,1593
2,2114,1783
2,2000,1546
2,1839,2527
2,1604,1677
2,1447,9949
1,2219,38032
1,2141,1650
1,2114,4283
1,1947,1818
1,1821,20681
0,1619,2029
6,2129,2719
6,2008,4368
6,1506,1832
5,2114,1911
5,1959,2048
5,1850,4151
5,1644,5165
5,1523,2858
4,2145,9086
4,1915,2610
4,1912,1749
4,1910,2423
4,1907,9150
4,1904,2999
4,1902,3787
4,1859,2812
4,1856,2523
4,1854,2420
4,1851,1441
4,1848,3264
4,1845,1360
4,1843,980
4,1840,1186
4,1838,977
4,1836,1739
4,1833,1213
4,1830,1386
4,1828,2197
4,1825,1954
4,1823,1391
4,1820,1591
4,1817,1448
4,1811,1007
4,1733,1352
4,1443,1012
3,2050,2165
3,1934,1441
3,1818,3363
3,1557,2009
2,2010,2160
2,1828,1845
2,1621,2846
1,1928,746
1,1739,1898
1,1610,1436
1,1438,1641
6,2048,5167
6,1729,2507
6,1429,3142
5,2037,19259
5,1846,4105
5,1552,2624
5,1411,3002
4,2216,13852
4,2123,3104
4,2003,2692
4,1824,1863
4,1652,2495
4,1515,1575
3,2239,2496
3,2055,2065
3,1805,1825
3,1557,1870
3,1413,1786
2,2039,19461
2,1916,2595
2,1821,5577
2,1812,2128
2,1716,3356
2,1714,2384
2,1712,3144
2,1710,12672
2,1709,4040
2,1702,1257
2,1629,1526
2,1412,1646
2,49,2326
1,2153,6649
1,2029,4249
1,1908,2462
1,1438,1517
6,1914,1791
6,1648,5168
5,1923,2863
5,1905,2836
5,1840,960
5,1816,1080
5,1805,2001
5,1651,3916
5,1642,4298
5,1639,1741
5,1635,6359
5,1633,7543
5,1630,4689
5,1626,2178
5,1616,1552
5,1607,1720
5,1417,2983
5,1313,1722
4,2302,1393
4,2251,480
4,2113,1297
4,1804,2300
4,1734,1482
4,1526,2789
4,1358,1575
3,2152,3806
3,2024,1948
3,1905,2174
3,1800,1867
3,1603,1126
3,1433,1643
2,2200,5221
2,2005,1203
2,1701,856
2,1611,1774
2,1452,3915
1,2109,6262
1,1924,1291
1,1755,1515
1,1651,1710
1,1451,1374
6,1525,2088
5,2105,3656
5,1944,1220
5,1900,1501
5,1749,1038
5,1619,2745
5,1615,1536
5,1612,1479
5,1608,1137
5,1606,1513
5,1603,927
5,1556,1591
5,1549,981
5,1533,1440
5,1503,2121
4,2142,1895
4,1802,14028
4,1507,26369
4,224,2501
4,102,3373
3,2121,2911
3,1738,2556
3,1557,2081
2,2234,1575
2,2125,3464
2,1946,2632
2,1727,3983
2,1604,2581
1,1940,3299
1,1830,1372
1,1647,1643
1,1513,1167
6,1732,3383
6,1510,3717
6,1359,1598
5,2148,2410
5,2044,1122
5,1941,4841
5,1830,4038
5,1524,1376
4,2311,1934
4,2058,1828
4,1958,1471
4,1838,2790
4,1439,1289
3,2142,834
3,1953,1692
3,1852,1680
3,1707,4314
3,1503,19786
2,1556,1584
1,1849,1866
1,1435,13293
6,2152,3807
6,1739,7512
5,1756,1826
5,1600,2652
4,2155,2407
4,2009,1316
4,1919,7163
4,1701,9821
4,1555,1056
3,2229,2098
3,2037,1138
3,1809,1376
3,1629,1184
3,1510,2118
2,2123,27847
2,1951,2053
2,1757,2106
2,1713,5092
2,1646,2778
2,1637,3138
2,1632,1626
2,1605,890
2,1522,851
1,2227,12863
1,2110,1576
1,1915,1727
1,1757,1174
0,2159,5689
6,2149,3044
6,1857,1448
6,1317,1624
5,2043,1695
5,1909,1405
5,1723,10008
5,1632,1267
5,1504,1274
4,2202,2236
4,1930,1651
4,1825,1078
4,1658,1092
4,1503,2378
3,2206,2247
3,2033,1583
3,1652,1553
2,2114,1572
2,1907,2659
2,1644,1471
2,1545,1584
1,2027,2281
6,2108,4093
6,1415,3124
5,2016,5181
5,1802,6564
5,1621,1209
5,1515,6274
4,1650,3440
